# step, loss_train, loss_test, metrics_test
0.000000000000000000e+00 8.389258873648941517e-04 1.632496481761336327e-03 4.945270717144012451e-03 2.102611027657985687e-02 4.476220160722732544e-02 5.481903906911611557e-03 8.389258873648941517e-04 1.632496481761336327e-03 4.945270717144012451e-03 2.102611027657985687e-02 4.476220160722732544e-02 5.481903906911611557e-03
1.000000000000000000e+02 1.049381098710000515e-03 2.196165733039379120e-03 7.623644080013036728e-03 1.797365956008434296e-02 3.348242491483688354e-02 5.033537745475769043e-03 1.049381098710000515e-03 2.196165733039379120e-03 7.623644080013036728e-03 1.797365956008434296e-02 3.348242491483688354e-02 5.033537745475769043e-03
2.000000000000000000e+02 9.364016586914658546e-04 2.751257736235857010e-03 7.451402023434638977e-03 1.398212555795907974e-02 2.701989933848381042e-02 4.292658064514398575e-03 9.364016586914658546e-04 2.751257736235857010e-03 7.451402023434638977e-03 1.398212555795907974e-02 2.701989933848381042e-02 4.292658064514398575e-03
3.000000000000000000e+02 7.994195329956710339e-04 2.818808658048510551e-03 6.146562751382589340e-03 1.110211573541164398e-02 2.269421331584453583e-02 3.446774324402213097e-03 7.994195329956710339e-04 2.818808658048510551e-03 6.146562751382589340e-03 1.110211573541164398e-02 2.269421331584453583e-02 3.446774324402213097e-03
4.000000000000000000e+02 1.022068085148930550e-03 2.743700519204139709e-03 4.663750529289245605e-03 8.634590543806552887e-03 2.250023745000362396e-02 2.826719544827938080e-03 1.022068085148930550e-03 2.743700519204139709e-03 4.663750529289245605e-03 8.634590543806552887e-03 2.250023745000362396e-02 2.826719544827938080e-03
5.000000000000000000e+02 8.478367235511541367e-04 2.201098017394542694e-03 4.006015602499246597e-03 6.674414966255426407e-03 1.415934693068265915e-02 2.152388449758291245e-03 8.478367235511541367e-04 2.201098017394542694e-03 4.006015602499246597e-03 6.674414966255426407e-03 1.415934693068265915e-02 2.152388449758291245e-03
6.000000000000000000e+02 8.119838894344866276e-04 1.811212394386529922e-03 2.882880857214331627e-03 5.019030999392271042e-03 9.597065858542919159e-03 1.615568646229803562e-03 8.119838894344866276e-04 1.811212394386529922e-03 2.882880857214331627e-03 5.019030999392271042e-03 9.597065858542919159e-03 1.615568646229803562e-03
7.000000000000000000e+02 7.389964885078370571e-04 1.463662367314100266e-03 2.168946899473667145e-03 3.716576611623167992e-03 5.722747649997472763e-03 1.148915733210742474e-03 7.389964885078370571e-04 1.463662367314100266e-03 2.168946899473667145e-03 3.716576611623167992e-03 5.722747649997472763e-03 1.148915733210742474e-03
8.000000000000000000e+02 6.533128325827419758e-04 1.135744969360530376e-03 1.662811846472322941e-03 2.842273097485303879e-03 4.141271114349365234e-03 8.541886345483362675e-04 6.533128325827419758e-04 1.135744969360530376e-03 1.662811846472322941e-03 2.842273097485303879e-03 4.141271114349365234e-03 8.541886345483362675e-04
9.000000000000000000e+02 8.680193568579852581e-04 1.327513367868959904e-03 1.956504303961992264e-03 9.219837374985218048e-03 4.673860967159271240e-03 1.092500868253409863e-03 8.680193568579852581e-04 1.327513367868959904e-03 1.956504303961992264e-03 9.219837374985218048e-03 4.673860967159271240e-03 1.092500868253409863e-03
1.000000000000000000e+03 5.045061116106808186e-04 7.891804561950266361e-04 1.100234338082373142e-03 2.015373669564723969e-03 2.971953479573130608e-03 5.652139661833643913e-04 5.045061116106808186e-04 7.891804561950266361e-04 1.100234338082373142e-03 2.015373669564723969e-03 2.971953479573130608e-03 5.652139661833643913e-04
1.100000000000000000e+03 4.684613668359816074e-04 7.030290435068309307e-04 9.513508994132280350e-04 1.785024651326239109e-03 2.668592613190412521e-03 4.906682297587394714e-04 4.684613668359816074e-04 7.030290435068309307e-04 9.513508994132280350e-04 1.785024651326239109e-03 2.668592613190412521e-03 4.906682297587394714e-04
1.200000000000000000e+03 4.562998656183481216e-04 6.483350298367440701e-04 8.357772021554410458e-04 1.652265083976089954e-03 2.440665150061249733e-03 4.369126108940690756e-04 4.562998656183481216e-04 6.483350298367440701e-04 8.357772021554410458e-04 1.652265083976089954e-03 2.440665150061249733e-03 4.369126108940690756e-04
1.300000000000000000e+03 4.195597430225461721e-04 6.028292118571698666e-04 7.431198027916252613e-04 1.493672723881900311e-03 2.252297708764672279e-03 4.021799541078507900e-04 4.195597430225461721e-04 6.028292118571698666e-04 7.431198027916252613e-04 1.493672723881900311e-03 2.252297708764672279e-03 4.021799541078507900e-04
1.400000000000000000e+03 9.763450943864881992e-04 1.327198464423418045e-03 9.145052172243595123e-04 2.201949479058384895e-03 3.011828288435935974e-03 4.336080746725201607e-04 9.763450943864881992e-04 1.327198464423418045e-03 9.145052172243595123e-04 2.201949479058384895e-03 3.011828288435935974e-03 4.336080746725201607e-04
1.500000000000000000e+03 3.873636305797845125e-04 5.563562153838574886e-04 6.176099996082484722e-04 1.318742986768484116e-03 1.989080803468823433e-03 3.521188627928495407e-04 3.873636305797845125e-04 5.563562153838574886e-04 6.176099996082484722e-04 1.318742986768484116e-03 1.989080803468823433e-03 3.521188627928495407e-04
1.600000000000000000e+03 3.734344500117003918e-04 5.382730741985142231e-04 5.643751937896013260e-04 1.241889316588640213e-03 1.896966947242617607e-03 3.345739387441426516e-04 3.734344500117003918e-04 5.382730741985142231e-04 5.643751937896013260e-04 1.241889316588640213e-03 1.896966947242617607e-03 3.345739387441426516e-04
1.700000000000000000e+03 3.589791303966194391e-04 5.254796706140041351e-04 5.209080991335213184e-04 1.197077450342476368e-03 1.819922123104333878e-03 3.201607323717325926e-04 3.589791303966194391e-04 5.254796706140041351e-04 5.209080991335213184e-04 1.197077450342476368e-03 1.819922123104333878e-03 3.201607323717325926e-04
1.800000000000000000e+03 3.390480123925954103e-04 5.052766064181923866e-04 4.902021028101444244e-04 1.136192004196345806e-03 1.757169142365455627e-03 3.081783070228993893e-04 3.390480123925954103e-04 5.052766064181923866e-04 4.902021028101444244e-04 1.136192004196345806e-03 1.757169142365455627e-03 3.081783070228993893e-04
1.900000000000000000e+03 3.322882403153926134e-04 5.020351381972432137e-04 4.548166471067816019e-04 1.137674553319811821e-03 1.686946605332195759e-03 2.974997332785278559e-04 3.322882403153926134e-04 5.020351381972432137e-04 4.548166471067816019e-04 1.137674553319811821e-03 1.686946605332195759e-03 2.974997332785278559e-04
2.000000000000000000e+03 3.132084093522280455e-04 4.880032211076468229e-04 4.320731386542320251e-04 1.044427743181586266e-03 1.617372501641511917e-03 2.837346110027283430e-04 3.132084093522280455e-04 4.880032211076468229e-04 4.320731386542320251e-04 1.044427743181586266e-03 1.617372501641511917e-03 2.837346110027283430e-04
2.100000000000000000e+03 3.024047182407230139e-04 4.849767719861119986e-04 4.100427904631942511e-04 1.008174032904207706e-03 1.601687283255159855e-03 2.783951931633055210e-04 3.024047182407230139e-04 4.849767719861119986e-04 4.100427904631942511e-04 1.008174032904207706e-03 1.601687283255159855e-03 2.783951931633055210e-04
2.200000000000000000e+03 2.886050206143409014e-04 4.598907544277608395e-04 3.883754834532737732e-04 9.760070242919027805e-04 1.518037519417703152e-03 2.676219446584582329e-04 2.886050206143409014e-04 4.598907544277608395e-04 3.883754834532737732e-04 9.760070242919027805e-04 1.518037519417703152e-03 2.676219446584582329e-04
2.300000000000000000e+03 2.996434632223099470e-04 4.958186182193458080e-04 3.775065706577152014e-04 9.682479430921375751e-04 1.478613703511655331e-03 2.581350563559681177e-04 2.996434632223099470e-04 4.958186182193458080e-04 3.775065706577152014e-04 9.682479430921375751e-04 1.478613703511655331e-03 2.581350563559681177e-04
2.400000000000000000e+03 2.625808410812169313e-04 4.390413232613354921e-04 3.506777284201234579e-04 9.016935946419835091e-04 1.411575358361005783e-03 2.461735857650637627e-04 2.625808410812169313e-04 4.390413232613354921e-04 3.506777284201234579e-04 9.016935946419835091e-04 1.411575358361005783e-03 2.461735857650637627e-04
2.500000000000000000e+03 2.538603439461439848e-04 4.281064320821315050e-04 3.367353929206728935e-04 8.716825395822525024e-04 1.364072086289525032e-03 2.376922493567690253e-04 2.538603439461439848e-04 4.281064320821315050e-04 3.367353929206728935e-04 8.716825395822525024e-04 1.364072086289525032e-03 2.376922493567690253e-04
2.600000000000000000e+03 3.867621708195656538e-04 5.658878362737596035e-04 4.240007256157696247e-04 1.057084649801254272e-03 2.138959011062979698e-03 2.518909750506281853e-04 3.867621708195656538e-04 5.658878362737596035e-04 4.240007256157696247e-04 1.057084649801254272e-03 2.138959011062979698e-03 2.518909750506281853e-04
2.700000000000000000e+03 2.352862502448260784e-04 4.090800357516855001e-04 3.046843921765685081e-04 8.113742223940789700e-04 1.264652120880782604e-03 2.188773942179977894e-04 2.352862502448260784e-04 4.090800357516855001e-04 3.046843921765685081e-04 8.113742223940789700e-04 1.264652120880782604e-03 2.188773942179977894e-04
2.800000000000000000e+03 3.484000044409185648e-04 4.716223047580569983e-04 4.201557021588087082e-04 1.553962705656886101e-03 1.313441665843129158e-03 2.400690573267638683e-04 3.484000044409185648e-04 4.716223047580569983e-04 4.201557021588087082e-04 1.553962705656886101e-03 1.313441665843129158e-03 2.400690573267638683e-04
2.900000000000000000e+03 2.195761917391791940e-04 3.867524210363626480e-04 2.807667769957333803e-04 7.561403326690196991e-04 1.172453979961574078e-03 1.997129147639498115e-04 2.195761917391791940e-04 3.867524210363626480e-04 2.807667769957333803e-04 7.561403326690196991e-04 1.172453979961574078e-03 1.997129147639498115e-04
3.000000000000000000e+03 2.131353830918669701e-04 3.727531584445387125e-04 2.726113307289779186e-04 7.332943496294319630e-04 1.130900694988667965e-03 1.913817250169813633e-04 2.131353830918669701e-04 3.727531584445387125e-04 2.726113307289779186e-04 7.332943496294319630e-04 1.130900694988667965e-03 1.913817250169813633e-04
3.100000000000000000e+03 2.434059279039502144e-04 4.298899730201810598e-04 2.890743198804557323e-04 7.572649628855288029e-04 1.127462252043187618e-03 2.041330299107357860e-04 2.434059279039502144e-04 4.298899730201810598e-04 2.890743198804557323e-04 7.572649628855288029e-04 1.127462252043187618e-03 2.041330299107357860e-04
3.200000000000000000e+03 2.388335706200450659e-04 3.619786002673208714e-04 2.866375725716352463e-04 7.476207101717591286e-04 1.078177709132432938e-03 1.737063430482521653e-04 2.388335706200450659e-04 3.619786002673208714e-04 2.866375725716352463e-04 7.476207101717591286e-04 1.078177709132432938e-03 1.737063430482521653e-04
3.300000000000000000e+03 2.146115875802934170e-04 3.777866368182003498e-04 2.616313868202269077e-04 6.663755630142986774e-04 1.079416368156671524e-03 1.703163870843127370e-04 2.146115875802934170e-04 3.777866368182003498e-04 2.616313868202269077e-04 6.663755630142986774e-04 1.079416368156671524e-03 1.703163870843127370e-04
3.400000000000000000e+03 2.521766582503914833e-04 4.009764525108039379e-04 4.073964082635939121e-04 1.560855307616293430e-03 1.023135031573474407e-03 2.099478879244998097e-04 2.521766582503914833e-04 4.009764525108039379e-04 4.073964082635939121e-04 1.560855307616293430e-03 1.023135031573474407e-03 2.099478879244998097e-04
3.500000000000000000e+03 2.633185940794646740e-04 3.316001675557345152e-04 2.445788995828479528e-04 7.209958857856690884e-04 1.000221353024244308e-03 1.489875430706888437e-04 2.633185940794646740e-04 3.316001675557345152e-04 2.445788995828479528e-04 7.209958857856690884e-04 1.000221353024244308e-03 1.489875430706888437e-04
3.600000000000000000e+03 2.349196438444778323e-04 3.776468220166862011e-04 2.921686391346156597e-04 6.664667744189500809e-04 1.039957394823431969e-03 2.038200327660888433e-04 2.349196438444778323e-04 3.776468220166862011e-04 2.921686391346156597e-04 6.664667744189500809e-04 1.039957394823431969e-03 2.038200327660888433e-04
3.700000000000000000e+03 1.866923266788944602e-04 3.084915224462747574e-04 2.346375549677759409e-04 5.905761499889194965e-04 8.882323745638132095e-04 1.364885829389095306e-04 1.866923266788944602e-04 3.084915224462747574e-04 2.346375549677759409e-04 5.905761499889194965e-04 8.882323745638132095e-04 1.364885829389095306e-04
3.800000000000000000e+03 1.760679297149181366e-04 2.846093557309359312e-04 2.247476950287818909e-04 5.579344579018652439e-04 8.318412001244723797e-04 1.252630027011036873e-04 1.760679297149181366e-04 2.846093557309359312e-04 2.247476950287818909e-04 5.579344579018652439e-04 8.318412001244723797e-04 1.252630027011036873e-04
3.900000000000000000e+03 1.729880168568342924e-04 2.780129434540867805e-04 2.243483759230002761e-04 5.372401792556047440e-04 8.024458074942231178e-04 1.192740674014203250e-04 1.729880168568342924e-04 2.780129434540867805e-04 2.243483759230002761e-04 5.372401792556047440e-04 8.024458074942231178e-04 1.192740674014203250e-04
4.000000000000000000e+03 1.673753868089988828e-04 2.678362652659416199e-04 2.190757513744756579e-04 5.179010331630706787e-04 7.738422718830406666e-04 1.121932291425764561e-04 1.673753868089988828e-04 2.678362652659416199e-04 2.190757513744756579e-04 5.179010331630706787e-04 7.738422718830406666e-04 1.121932291425764561e-04
4.100000000000000000e+03 1.697387633612379432e-04 2.664877392817288637e-04 2.237960434285923839e-04 5.102712311781942844e-04 7.546533597633242607e-04 1.129414085880853236e-04 1.697387633612379432e-04 2.664877392817288637e-04 2.237960434285923839e-04 5.102712311781942844e-04 7.546533597633242607e-04 1.129414085880853236e-04
4.200000000000000000e+03 1.614129869267344475e-04 2.499196853023022413e-04 2.137616829713806510e-04 4.951673909090459347e-04 7.415877771563827991e-04 1.043760203174315393e-04 1.614129869267344475e-04 2.499196853023022413e-04 2.137616829713806510e-04 4.951673909090459347e-04 7.415877771563827991e-04 1.043760203174315393e-04
4.300000000000000000e+03 1.742323656799271703e-04 2.486439188942313194e-04 2.224436611868441105e-04 4.861874913331121206e-04 7.275872048921883106e-04 9.807263268157839775e-05 1.742323656799271703e-04 2.486439188942313194e-04 2.224436611868441105e-04 4.861874913331121206e-04 7.275872048921883106e-04 9.807263268157839775e-05
4.400000000000000000e+03 1.533719623694196343e-04 2.435231726849451661e-04 2.077237149933353066e-04 4.586653667502105236e-04 7.026330567896366119e-04 9.310369205195456743e-05 1.533719623694196343e-04 2.435231726849451661e-04 2.077237149933353066e-04 4.586653667502105236e-04 7.026330567896366119e-04 9.310369205195456743e-05
4.500000000000000000e+03 2.270578843308612704e-04 2.802376402541995049e-04 3.136196464765816927e-04 8.045876165851950645e-04 7.302828016690909863e-04 9.474587568547576666e-05 2.270578843308612704e-04 2.802376402541995049e-04 3.136196464765816927e-04 8.045876165851950645e-04 7.302828016690909863e-04 9.474587568547576666e-05
4.600000000000000000e+03 1.431252894690260291e-04 2.297035534866154194e-04 1.978198997676372528e-04 4.251190694049000740e-04 6.327826995402574539e-04 8.251835242845118046e-05 1.431252894690260291e-04 2.297035534866154194e-04 1.978198997676372528e-04 4.251190694049000740e-04 6.327826995402574539e-04 8.251835242845118046e-05
4.700000000000000000e+03 1.575560163473710418e-04 2.363866369705647230e-04 2.086199674522504210e-04 4.277620755601674318e-04 6.464519537985324860e-04 8.669560338603332639e-05 1.575560163473710418e-04 2.363866369705647230e-04 2.086199674522504210e-04 4.277620755601674318e-04 6.464519537985324860e-04 8.669560338603332639e-05
4.800000000000000000e+03 1.371201360598206520e-04 2.213059487985447049e-04 1.931481820065528154e-04 4.182835400570183992e-04 5.967886536382138729e-04 7.791270763846114278e-05 1.371201360598206520e-04 2.213059487985447049e-04 1.931481820065528154e-04 4.182835400570183992e-04 5.967886536382138729e-04 7.791270763846114278e-05
4.900000000000000000e+03 1.320155861321836710e-04 2.157900453312322497e-04 1.886468380689620972e-04 3.901406016666442156e-04 5.774366436526179314e-04 7.228949834825471044e-05 1.320155861321836710e-04 2.157900453312322497e-04 1.886468380689620972e-04 3.901406016666442156e-04 5.774366436526179314e-04 7.228949834825471044e-05
5.000000000000000000e+03 1.299385912716388702e-04 2.133428206434473395e-04 1.842069759732112288e-04 3.777916717808693647e-04 5.639233277179300785e-04 6.956931611057370901e-05 1.299385912716388702e-04 2.133428206434473395e-04 1.842069759732112288e-04 3.777916717808693647e-04 5.639233277179300785e-04 6.956931611057370901e-05
5.100000000000000000e+03 2.320586791029199958e-04 2.597485436126589775e-04 2.583763562142848969e-04 7.125242846086621284e-04 6.604917580261826515e-04 6.936726276762783527e-05 2.320586791029199958e-04 2.597485436126589775e-04 2.583763562142848969e-04 7.125242846086621284e-04 6.604917580261826515e-04 6.936726276762783527e-05
5.200000000000000000e+03 1.257308176718652248e-04 2.075471275020390749e-04 1.794866402633488178e-04 3.640389477368444204e-04 5.349435959942638874e-04 6.449659122154116631e-05 1.257308176718652248e-04 2.075471275020390749e-04 1.794866402633488178e-04 3.640389477368444204e-04 5.349435959942638874e-04 6.449659122154116631e-05
5.300000000000000000e+03 1.208847461384721100e-04 2.042103005805984139e-04 1.754683762555941939e-04 3.444959002081304789e-04 5.199192673899233341e-04 6.090720853535458446e-05 1.208847461384721100e-04 2.042103005805984139e-04 1.754683762555941939e-04 3.444959002081304789e-04 5.199192673899233341e-04 6.090720853535458446e-05
5.400000000000000000e+03 1.199499092763289809e-04 1.997963263420388103e-04 1.751556119415909052e-04 3.450935764703899622e-04 5.128878983668982983e-04 6.037728235241957009e-05 1.199499092763289809e-04 1.997963263420388103e-04 1.751556119415909052e-04 3.450935764703899622e-04 5.128878983668982983e-04 6.037728235241957009e-05
5.500000000000000000e+03 1.137107392423786223e-04 1.960150693776085973e-04 1.680389977991580963e-04 3.261471574660390615e-04 4.869420081377029419e-04 5.546057218452915549e-05 1.137107392423786223e-04 1.960150693776085973e-04 1.680389977991580963e-04 3.261471574660390615e-04 4.869420081377029419e-04 5.546057218452915549e-05
5.600000000000000000e+03 1.160203537438064814e-04 1.995785860344767570e-04 1.739809667924419045e-04 3.349368053022772074e-04 4.939399659633636475e-04 5.624436380458064377e-05 1.160203537438064814e-04 1.995785860344767570e-04 1.739809667924419045e-04 3.349368053022772074e-04 4.939399659633636475e-04 5.624436380458064377e-05
5.700000000000000000e+03 1.117611609515734017e-04 1.926152181113138795e-04 1.649346959311515093e-04 3.296046634204685688e-04 4.651794151868671179e-04 5.284766302793286741e-05 1.117611609515734017e-04 1.926152181113138795e-04 1.649346959311515093e-04 3.296046634204685688e-04 4.651794151868671179e-04 5.284766302793286741e-05
5.800000000000000000e+03 1.340074377367272973e-04 2.096835232805460691e-04 1.804834028007462621e-04 3.289456362836062908e-04 5.435317289084196091e-04 5.348450213205069304e-05 1.340074377367272973e-04 2.096835232805460691e-04 1.804834028007462621e-04 3.289456362836062908e-04 5.435317289084196091e-04 5.348450213205069304e-05
5.900000000000000000e+03 1.052632287610322237e-04 1.860373449744656682e-04 1.559928787173703313e-04 2.937035169452428818e-04 4.428044776432216167e-04 4.801756222150288522e-05 1.052632287610322237e-04 1.860373449744656682e-04 1.559928787173703313e-04 2.937035169452428818e-04 4.428044776432216167e-04 4.801756222150288522e-05
6.000000000000000000e+03 1.022733049467206001e-04 1.810087269404903054e-04 1.538118522148579359e-04 2.842771937139332294e-04 4.283918242435902357e-04 4.602126500685699284e-05 1.022733049467206001e-04 1.810087269404903054e-04 1.538118522148579359e-04 2.842771937139332294e-04 4.283918242435902357e-04 4.602126500685699284e-05
6.100000000000000000e+03 1.603963755769655108e-04 2.754473243840038776e-04 2.172246749978512526e-04 3.485478518996387720e-04 4.827397933695465326e-04 1.041330178850330412e-04 1.603963755769655108e-04 2.754473243840038776e-04 2.172246749978512526e-04 3.485478518996387720e-04 4.827397933695465326e-04 1.041330178850330412e-04
6.200000000000000000e+03 1.101744055631570518e-04 1.884197408799082041e-04 1.687042822595685720e-04 3.567698004189878702e-04 4.232945502735674381e-04 5.607772254734300077e-05 1.101744055631570518e-04 1.884197408799082041e-04 1.687042822595685720e-04 3.567698004189878702e-04 4.232945502735674381e-04 5.607772254734300077e-05
6.300000000000000000e+03 3.793819050770252943e-04 2.519088739063590765e-04 2.495948865544050932e-04 5.252989940345287323e-04 6.846974138170480728e-04 5.169707583263516426e-05 3.793819050770252943e-04 2.519088739063590765e-04 2.495948865544050932e-04 5.252989940345287323e-04 6.846974138170480728e-04 5.169707583263516426e-05
6.400000000000000000e+03 1.149684030679054558e-04 2.123485901392996311e-04 1.582483964739367366e-04 2.785705437418073416e-04 4.155680653639137745e-04 8.101425919448956847e-05 1.149684030679054558e-04 2.123485901392996311e-04 1.582483964739367366e-04 2.785705437418073416e-04 4.155680653639137745e-04 8.101425919448956847e-05
6.500000000000000000e+03 1.069595164153724909e-04 1.771884562913328409e-04 1.801525941118597984e-04 3.465254849288612604e-04 3.964225761592388153e-04 5.737078390666283667e-05 1.069595164153724909e-04 1.771884562913328409e-04 1.801525941118597984e-04 3.465254849288612604e-04 3.964225761592388153e-04 5.737078390666283667e-05
6.600000000000000000e+03 9.922567551257088780e-05 1.742704916978254914e-04 1.502559025539085269e-04 2.563876332715153694e-04 3.861483710352331400e-04 5.218649675953201950e-05 9.922567551257088780e-05 1.742704916978254914e-04 1.502559025539085269e-04 2.563876332715153694e-04 3.861483710352331400e-04 5.218649675953201950e-05
6.700000000000000000e+03 9.591953858034685254e-05 1.661809510551393032e-04 1.396663283230736852e-04 2.433794870739802718e-04 3.715867351274937391e-04 3.847304469672963023e-05 9.591953858034685254e-05 1.661809510551393032e-04 1.396663283230736852e-04 2.433794870739802718e-04 3.715867351274937391e-04 3.847304469672963023e-05
6.800000000000000000e+03 1.506176922703161836e-04 2.089274494210258126e-04 2.616689598653465509e-04 6.482386961579322815e-04 4.744583857245743275e-04 7.162313704611733556e-05 1.506176922703161836e-04 2.089274494210258126e-04 2.616689598653465509e-04 6.482386961579322815e-04 4.744583857245743275e-04 7.162313704611733556e-05
6.900000000000000000e+03 4.421633202582597733e-04 3.948130761273205280e-04 4.251402569934725761e-04 7.441999041475355625e-04 7.185152499005198479e-04 2.872841432690620422e-04 4.421633202582597733e-04 3.948130761273205280e-04 4.251402569934725761e-04 7.441999041475355625e-04 7.185152499005198479e-04 2.872841432690620422e-04
7.000000000000000000e+03 1.646094751777127385e-04 1.925126998685300350e-04 1.623439602553844452e-04 2.855554048437625170e-04 5.085137090645730495e-04 4.577481013257056475e-05 1.646094751777127385e-04 1.925126998685300350e-04 1.623439602553844452e-04 2.855554048437625170e-04 5.085137090645730495e-04 4.577481013257056475e-05
7.100000000000000000e+03 1.051622311933897436e-04 1.754066470311954618e-04 1.658270775806158781e-04 3.565367951523512602e-04 3.583252837415784597e-04 4.537906715995632112e-05 1.051622311933897436e-04 1.754066470311954618e-04 1.658270775806158781e-04 3.565367951523512602e-04 3.583252837415784597e-04 4.537906715995632112e-05
7.200000000000000000e+03 8.740356861380860209e-05 1.512051239842548966e-04 1.280714932363480330e-04 2.098226250382140279e-04 3.230774018447846174e-04 3.248342545703053474e-05 8.740356861380860209e-05 1.512051239842548966e-04 1.280714932363480330e-04 2.098226250382140279e-04 3.230774018447846174e-04 3.248342545703053474e-05
7.300000000000000000e+03 8.960737613961100578e-05 1.539170771138742566e-04 1.351565733784809709e-04 2.204461197834461927e-04 3.186539106536656618e-04 4.233197978464886546e-05 8.960737613961100578e-05 1.539170771138742566e-04 1.351565733784809709e-04 2.204461197834461927e-04 3.186539106536656618e-04 4.233197978464886546e-05
7.400000000000000000e+03 8.743945363676175475e-05 1.487378613092005253e-04 1.245878956979140639e-04 2.030363684752956033e-04 3.070400853175669909e-04 3.141354682156816125e-05 8.743945363676175475e-05 1.487378613092005253e-04 1.245878956979140639e-04 2.030363684752956033e-04 3.070400853175669909e-04 3.141354682156816125e-05
7.500000000000000000e+03 1.511992886662483215e-04 1.810006942832842469e-04 1.528941356809809804e-04 2.466283622197806835e-04 3.517333534546196461e-04 5.826444976264610887e-05 1.511992886662483215e-04 1.810006942832842469e-04 1.528941356809809804e-04 2.466283622197806835e-04 3.517333534546196461e-04 5.826444976264610887e-05
7.600000000000000000e+03 1.164273635367862880e-04 2.129609347321093082e-04 1.916061155498027802e-04 3.978698805440217257e-04 3.743522393051534891e-04 3.801139610004611313e-05 1.164273635367862880e-04 2.129609347321093082e-04 1.916061155498027802e-04 3.978698805440217257e-04 3.743522393051534891e-04 3.801139610004611313e-05
7.700000000000000000e+03 9.184672671835869551e-05 1.528629654785618186e-04 1.241791178472340107e-04 1.972285972442477942e-04 2.842709363903850317e-04 3.455811747699044645e-05 9.184672671835869551e-05 1.528629654785618186e-04 1.241791178472340107e-04 1.972285972442477942e-04 2.842709363903850317e-04 3.455811747699044645e-05
7.800000000000000000e+03 1.814190181903541088e-04 2.145937905879691243e-04 2.006742433877661824e-04 2.729947154875844717e-04 5.883418489247560501e-04 8.134877862175926566e-05 1.814190181903541088e-04 2.145937905879691243e-04 2.006742433877661824e-04 2.729947154875844717e-04 5.883418489247560501e-04 8.134877862175926566e-05
7.900000000000000000e+03 2.519279660191386938e-04 2.559141721576452255e-04 2.890058094635605812e-04 7.089445134624838829e-04 8.157901465892791748e-04 7.083465607138350606e-05 2.519279660191386938e-04 2.559141721576452255e-04 2.890058094635605812e-04 7.089445134624838829e-04 8.157901465892791748e-04 7.083465607138350606e-05
8.000000000000000000e+03 9.553987911203876138e-05 1.447731046937406063e-04 1.305744517594575882e-04 2.486847224645316601e-04 2.929175680037587881e-04 4.982123209629207850e-05 9.553987911203876138e-05 1.447731046937406063e-04 1.305744517594575882e-04 2.486847224645316601e-04 2.929175680037587881e-04 4.982123209629207850e-05
8.100000000000000000e+03 8.620385051472112536e-05 1.373157574562355876e-04 1.162212356575764716e-04 1.805510837584733963e-04 2.571834484115242958e-04 2.981260149681475013e-05 8.620385051472112536e-05 1.373157574562355876e-04 1.162212356575764716e-04 1.805510837584733963e-04 2.571834484115242958e-04 2.981260149681475013e-05
8.200000000000000000e+03 9.398838301422074437e-05 1.557292562210932374e-04 1.306792837567627430e-04 1.852240820880979300e-04 2.941569837275892496e-04 4.006845119874924421e-05 9.398838301422074437e-05 1.557292562210932374e-04 1.306792837567627430e-04 1.852240820880979300e-04 2.941569837275892496e-04 4.006845119874924421e-05
8.300000000000000000e+03 7.770592492306604981e-05 1.309927756665274501e-04 1.119239605031907558e-04 1.665480958763509989e-04 2.321708452655002475e-04 3.645490141934715211e-05 7.770592492306604981e-05 1.309927756665274501e-04 1.119239605031907558e-04 1.665480958763509989e-04 2.321708452655002475e-04 3.645490141934715211e-05
8.400000000000000000e+03 8.459357923129573464e-05 1.375950523652136326e-04 1.309639337705448270e-04 2.524370211176574230e-04 2.309892443008720875e-04 2.710840090003330261e-05 8.459357923129573464e-05 1.375950523652136326e-04 1.309639337705448270e-04 2.524370211176574230e-04 2.309892443008720875e-04 2.710840090003330261e-05
8.500000000000000000e+03 1.159993626060895622e-04 1.545406848890706897e-04 1.187511879834346473e-04 1.791055256035178900e-04 2.679684839677065611e-04 3.354088039486669004e-05 1.159993626060895622e-04 1.545406848890706897e-04 1.187511879834346473e-04 1.791055256035178900e-04 2.679684839677065611e-04 3.354088039486669004e-05
8.600000000000000000e+03 8.228077058447524905e-05 1.370440586470067501e-04 1.076875778380781412e-04 1.523740647826343775e-04 2.357844496145844460e-04 2.817137283273041248e-05 8.228077058447524905e-05 1.370440586470067501e-04 1.076875778380781412e-04 1.523740647826343775e-04 2.357844496145844460e-04 2.817137283273041248e-05
8.700000000000000000e+03 9.894330287352204323e-05 1.359779707854613662e-04 1.441435888409614563e-04 2.511843631509691477e-04 2.310777344973757863e-04 5.755451275035738945e-05 9.894330287352204323e-05 1.359779707854613662e-04 1.441435888409614563e-04 2.511843631509691477e-04 2.310777344973757863e-04 5.755451275035738945e-05
8.800000000000000000e+03 7.398755406029522419e-05 1.197986057377420366e-04 9.760517423273995519e-05 1.492342998972162604e-04 1.977186475414782763e-04 2.520865564292762429e-05 7.398755406029522419e-05 1.197986057377420366e-04 9.760517423273995519e-05 1.492342998972162604e-04 1.977186475414782763e-04 2.520865564292762429e-05
8.900000000000000000e+03 7.623369310749694705e-05 1.178084130515344441e-04 9.611117275198921561e-05 1.506360858911648393e-04 1.880188501672819257e-04 2.091869282594416291e-05 7.623369310749694705e-05 1.178084130515344441e-04 9.611117275198921561e-05 1.506360858911648393e-04 1.880188501672819257e-04 2.091869282594416291e-05
9.000000000000000000e+03 1.436736638424918056e-04 1.794354611774906516e-04 1.624212454771623015e-04 3.446478222031146288e-04 5.947325262241065502e-04 8.651045209262520075e-05 1.436736638424918056e-04 1.794354611774906516e-04 1.624212454771623015e-04 3.446478222031146288e-04 5.947325262241065502e-04 8.651045209262520075e-05
9.100000000000000000e+03 6.989824760239571333e-05 1.128521180362440646e-04 9.283173858420923352e-05 1.350253587588667870e-04 1.705139729892835021e-04 2.409070293651893735e-05 6.989824760239571333e-05 1.128521180362440646e-04 9.283173858420923352e-05 1.350253587588667870e-04 1.705139729892835021e-04 2.409070293651893735e-05
9.200000000000000000e+03 2.275163278682157397e-04 1.695773971732705832e-04 1.350623788312077522e-04 3.373453801032155752e-04 2.746118989307433367e-04 3.924634438590146601e-05 2.275163278682157397e-04 1.695773971732705832e-04 1.350623788312077522e-04 3.373453801032155752e-04 2.746118989307433367e-04 3.924634438590146601e-05
9.300000000000000000e+03 1.111143283196724951e-04 1.863525103544816375e-04 1.200206897919997573e-04 1.610223698662593961e-04 2.170662191929295659e-04 1.051337603712454438e-04 1.111143283196724951e-04 1.863525103544816375e-04 1.200206897919997573e-04 1.610223698662593961e-04 2.170662191929295659e-04 1.051337603712454438e-04
9.400000000000000000e+03 7.819365418981760740e-05 1.118537838920019567e-04 9.116159344557672739e-05 1.406024966854602098e-04 1.857919123722240329e-04 2.010666867136023939e-05 7.819365418981760740e-05 1.118537838920019567e-04 9.116159344557672739e-05 1.406024966854602098e-04 1.857919123722240329e-04 2.010666867136023939e-05
9.500000000000000000e+03 6.749041494913399220e-05 1.042918884195387363e-04 8.746505773160606623e-05 1.317249698331579566e-04 1.492384762968868017e-04 1.896687535918317735e-05 6.749041494913399220e-05 1.042918884195387363e-04 8.746505773160606623e-05 1.317249698331579566e-04 1.492384762968868017e-04 1.896687535918317735e-05
9.600000000000000000e+03 1.008034232654608786e-04 1.349568337900564075e-04 1.482519583078101277e-04 3.077855508308857679e-04 2.450586471240967512e-04 5.413389590103179216e-05 1.008034232654608786e-04 1.349568337900564075e-04 1.482519583078101277e-04 3.077855508308857679e-04 2.450586471240967512e-04 5.413389590103179216e-05
9.700000000000000000e+03 6.595330341951921582e-05 1.014979425235651433e-04 8.233445987571030855e-05 1.208019311889074743e-04 1.405099610565230250e-04 1.709848766040522605e-05 6.595330341951921582e-05 1.014979425235651433e-04 8.233445987571030855e-05 1.208019311889074743e-04 1.405099610565230250e-04 1.709848766040522605e-05
9.800000000000000000e+03 9.270113514503464103e-05 1.146334107033908367e-04 9.625942038837820292e-05 1.546902931295335293e-04 1.819242170313373208e-04 2.589348696346860379e-05 9.270113514503464103e-05 1.146334107033908367e-04 9.625942038837820292e-05 1.546902931295335293e-04 1.819242170313373208e-04 2.589348696346860379e-05
9.900000000000000000e+03 6.545997894136235118e-05 1.009077313938178122e-04 8.522945427102968097e-05 1.323195319855585694e-04 1.326664205407723784e-04 2.098310324072372168e-05 6.545997894136235118e-05 1.009077313938178122e-04 8.522945427102968097e-05 1.323195319855585694e-04 1.326664205407723784e-04 2.098310324072372168e-05
1.000000000000000000e+04 1.568517473060637712e-04 1.398514286847785115e-04 1.337021676590666175e-04 2.321971987839788198e-04 2.334150194656103849e-04 3.150049815303646028e-05 1.568517473060637712e-04 1.398514286847785115e-04 1.337021676590666175e-04 2.321971987839788198e-04 2.334150194656103849e-04 3.150049815303646028e-05
1.000000000000000000e+04 1.568517473060637712e-04 1.398514286847785115e-04 1.337021676590666175e-04 2.321971987839788198e-04 2.334150194656103849e-04 3.150049815303646028e-05 1.568517473060637712e-04 1.398514286847785115e-04 1.337021676590666175e-04 2.321971987839788198e-04 2.334150194656103849e-04 3.150049815303646028e-05
1.010000000000000000e+04 6.198654591571539640e-05 9.539893653709441423e-05 7.864697545301169157e-05 1.110058583435602486e-04 1.244815357495099306e-04 1.580713615112472326e-05 6.198654591571539640e-05 9.539893653709441423e-05 7.864697545301169157e-05 1.110058583435602486e-04 1.244815357495099306e-04 1.580713615112472326e-05
1.020000000000000000e+04 6.168762774905189872e-05 9.476605191593989730e-05 7.791379175614565611e-05 1.095422558137215674e-04 1.222509745275601745e-04 1.558049189043231308e-05 6.168762774905189872e-05 9.476605191593989730e-05 7.791379175614565611e-05 1.095422558137215674e-04 1.222509745275601745e-04 1.558049189043231308e-05
1.030000000000000000e+04 6.112566916272044182e-05 9.385134762851521373e-05 7.711278158240020275e-05 1.079975190805271268e-04 1.197729943669401109e-04 1.537165917397942394e-05 6.112566916272044182e-05 9.385134762851521373e-05 7.711278158240020275e-05 1.079975190805271268e-04 1.197729943669401109e-04 1.537165917397942394e-05
1.040000000000000000e+04 6.045186455594375730e-05 9.271905582863837481e-05 7.628760067746043205e-05 1.064578827936202288e-04 1.173737618955783546e-04 1.513618826720630750e-05 6.045186455594375730e-05 9.271905582863837481e-05 7.628760067746043205e-05 1.064578827936202288e-04 1.173737618955783546e-04 1.513618826720630750e-05
1.050000000000000000e+04 5.964478259556926787e-05 9.155504085356369615e-05 7.537946657976135612e-05 1.048354461090639234e-04 1.146563590737059712e-04 1.492244246037444100e-05 5.964478259556926787e-05 9.155504085356369615e-05 7.537946657976135612e-05 1.048354461090639234e-04 1.146563590737059712e-04 1.492244246037444100e-05
1.060000000000000000e+04 5.894399873795919120e-05 9.055304690264165401e-05 7.457208994310349226e-05 1.033634689520113170e-04 1.120836896006949246e-04 1.480025912314886227e-05 5.894399873795919120e-05 9.055304690264165401e-05 7.457208994310349226e-05 1.033634689520113170e-04 1.120836896006949246e-04 1.480025912314886227e-05
1.070000000000000000e+04 5.807950583402998745e-05 8.917165541788563132e-05 7.366938370978459716e-05 1.017162358039058745e-04 1.097556305467151105e-04 1.447122212994145229e-05 5.807950583402998745e-05 8.917165541788563132e-05 7.366938370978459716e-05 1.017162358039058745e-04 1.097556305467151105e-04 1.447122212994145229e-05
1.080000000000000000e+04 5.731235796702094376e-05 8.805344987194985151e-05 7.283355807885527611e-05 1.002422068268060684e-04 1.074028332368470728e-04 1.430675274605164304e-05 5.731235796702094376e-05 8.805344987194985151e-05 7.283355807885527611e-05 1.002422068268060684e-04 1.074028332368470728e-04 1.430675274605164304e-05
1.090000000000000000e+04 5.709378820029087365e-05 8.740821067476645112e-05 7.257873949129134417e-05 9.930879605235531926e-05 1.061005459632724524e-04 1.435590820619836450e-05 5.709378820029087365e-05 8.740821067476645112e-05 7.257873949129134417e-05 9.930879605235531926e-05 1.061005459632724524e-04 1.435590820619836450e-05
1.100000000000000000e+04 5.689919998985715210e-05 8.677483128849416971e-05 7.225376612041145563e-05 9.814768418436869979e-05 1.076573753380216658e-04 1.448825423722155392e-05 5.689919998985715210e-05 8.677483128849416971e-05 7.225376612041145563e-05 9.814768418436869979e-05 1.076573753380216658e-04 1.448825423722155392e-05
1.110000000000000000e+04 5.501336272573098540e-05 8.445726416539400816e-05 7.031772111076861620e-05 9.574372961651533842e-05 1.010491832857951522e-04 1.362499551760265604e-05 5.501336272573098540e-05 8.445726416539400816e-05 7.031772111076861620e-05 9.574372961651533842e-05 1.010491832857951522e-04 1.362499551760265604e-05
1.120000000000000000e+04 5.453803532873280346e-05 8.355360478162765503e-05 6.961295002838596702e-05 9.458764543524011970e-05 9.986730583477765322e-05 1.347053876088466495e-05 5.453803532873280346e-05 8.355360478162765503e-05 6.961295002838596702e-05 9.458764543524011970e-05 9.986730583477765322e-05 1.347053876088466495e-05
1.130000000000000000e+04 5.358286580303683877e-05 8.228992373915389180e-05 6.871682853670790792e-05 9.291456080973148346e-05 9.717709326650947332e-05 1.326581786997849122e-05 5.358286580303683877e-05 8.228992373915389180e-05 6.871682853670790792e-05 9.291456080973148346e-05 9.717709326650947332e-05 1.326581786997849122e-05
1.140000000000000000e+04 5.302080535329878330e-05 8.127473847707733512e-05 6.793245847802609205e-05 9.200362546835094690e-05 9.540790779283270240e-05 1.321262243436649442e-05 5.302080535329878330e-05 8.127473847707733512e-05 6.793245847802609205e-05 9.200362546835094690e-05 9.540790779283270240e-05 1.321262243436649442e-05
1.150000000000000000e+04 5.220045568421483040e-05 8.022569818422198296e-05 6.718414078932255507e-05 9.016156400321051478e-05 9.369039617013186216e-05 1.291601165576139465e-05 5.220045568421483040e-05 8.022569818422198296e-05 6.718414078932255507e-05 9.016156400321051478e-05 9.369039617013186216e-05 1.291601165576139465e-05
1.160000000000000000e+04 5.358320777304470539e-05 8.169733337126672268e-05 6.849389319540932775e-05 9.212880104314535856e-05 9.459572902414947748e-05 1.354815503873396665e-05 5.358320777304470539e-05 8.169733337126672268e-05 6.849389319540932775e-05 9.212880104314535856e-05 9.459572902414947748e-05 1.354815503873396665e-05
1.170000000000000000e+04 5.091707498650066555e-05 7.829982496332377195e-05 6.580405897693708539e-05 8.760353375691920519e-05 9.056246926775202155e-05 1.286713359149871394e-05 5.091707498650066555e-05 7.829982496332377195e-05 6.580405897693708539e-05 8.760353375691920519e-05 9.056246926775202155e-05 1.286713359149871394e-05
1.180000000000000000e+04 5.043739292887039483e-05 7.729000208200886846e-05 6.560045585501939058e-05 8.766415703576058149e-05 8.969042391981929541e-05 1.274133592232828960e-05 5.043739292887039483e-05 7.729000208200886846e-05 6.560045585501939058e-05 8.766415703576058149e-05 8.969042391981929541e-05 1.274133592232828960e-05
1.190000000000000000e+04 4.975642514182254672e-05 7.643164281034842134e-05 6.454972026403993368e-05 8.518413233105093241e-05 8.797834743745625019e-05 1.261517991224536672e-05 4.975642514182254672e-05 7.643164281034842134e-05 6.454972026403993368e-05 8.518413233105093241e-05 8.797834743745625019e-05 1.261517991224536672e-05
1.200000000000000000e+04 4.939643258694559336e-05 7.564545376226305962e-05 6.361077248584479094e-05 8.438503573415800929e-05 8.657033322378993034e-05 1.218669967784080654e-05 4.939643258694559336e-05 7.564545376226305962e-05 6.361077248584479094e-05 8.438503573415800929e-05 8.657033322378993034e-05 1.218669967784080654e-05
1.210000000000000000e+04 4.853416248806752264e-05 7.468952389899641275e-05 6.289711745921522379e-05 8.288656681543216109e-05 8.494871144648641348e-05 1.204065210913540795e-05 4.853416248806752264e-05 7.468952389899641275e-05 6.289711745921522379e-05 8.288656681543216109e-05 8.494871144648641348e-05 1.204065210913540795e-05
1.220000000000000000e+04 5.180739026400260627e-05 7.494017336284741759e-05 6.326425500446930528e-05 8.811540465103462338e-05 8.778822666499763727e-05 1.272921053896425292e-05 5.180739026400260627e-05 7.494017336284741759e-05 6.326425500446930528e-05 8.811540465103462338e-05 8.778822666499763727e-05 1.272921053896425292e-05
1.230000000000000000e+04 4.750548396259546280e-05 7.305734470719471574e-05 6.162731733638793230e-05 8.085853914963081479e-05 8.260326285380870104e-05 1.180250728793907911e-05 4.750548396259546280e-05 7.305734470719471574e-05 6.162731733638793230e-05 8.085853914963081479e-05 8.260326285380870104e-05 1.180250728793907911e-05
1.240000000000000000e+04 4.689605339081026614e-05 7.234842632897198200e-05 6.109708192525431514e-05 7.948999700602144003e-05 8.149560744641348720e-05 1.165875437436625361e-05 4.689605339081026614e-05 7.234842632897198200e-05 6.109708192525431514e-05 7.948999700602144003e-05 8.149560744641348720e-05 1.165875437436625361e-05
1.250000000000000000e+04 4.673848525271750987e-05 7.176787039497867227e-05 6.095606659073382616e-05 7.897151954239234328e-05 8.096617239061743021e-05 1.156928101408993825e-05 4.673848525271750987e-05 7.176787039497867227e-05 6.095606659073382616e-05 7.897151954239234328e-05 8.096617239061743021e-05 1.156928101408993825e-05
1.260000000000000000e+04 4.640543193090707064e-05 7.088482379913330078e-05 5.987704207655042410e-05 7.830254617147147655e-05 7.962311792653053999e-05 1.151803371612913907e-05 4.640543193090707064e-05 7.088482379913330078e-05 5.987704207655042410e-05 7.830254617147147655e-05 7.962311792653053999e-05 1.151803371612913907e-05
1.270000000000000000e+04 4.541622183751314878e-05 7.015046867309138179e-05 5.929056715103797615e-05 7.673318759771063924e-05 7.827927038306370378e-05 1.132748820964479819e-05 4.541622183751314878e-05 7.015046867309138179e-05 5.929056715103797615e-05 7.673318759771063924e-05 7.827927038306370378e-05 1.132748820964479819e-05
1.280000000000000000e+04 4.491099753067828715e-05 6.937134457984939218e-05 5.883971243747510016e-05 7.548755093012005091e-05 7.733726670267060399e-05 1.120034903578925878e-05 4.491099753067828715e-05 6.937134457984939218e-05 5.883971243747510016e-05 7.548755093012005091e-05 7.733726670267060399e-05 1.120034903578925878e-05
1.290000000000000000e+04 4.468123734113760293e-05 6.910313823027536273e-05 5.848840010003186762e-05 7.470430864486843348e-05 7.674064545426517725e-05 1.112271365855121985e-05 4.468123734113760293e-05 6.910313823027536273e-05 5.848840010003186762e-05 7.470430864486843348e-05 7.674064545426517725e-05 1.112271365855121985e-05
1.300000000000000000e+04 4.445168087841011584e-05 6.856425170553848147e-05 5.802350642625242472e-05 7.609534077346324921e-05 7.588895823573693633e-05 1.126524239225545898e-05 4.445168087841011584e-05 6.856425170553848147e-05 5.802350642625242472e-05 7.609534077346324921e-05 7.588895823573693633e-05 1.126524239225545898e-05
1.310000000000000000e+04 4.363549305708147585e-05 6.754236528649926186e-05 5.746327587985433638e-05 7.309261854970827699e-05 7.514176832046359777e-05 1.109063396143028513e-05 4.363549305708147585e-05 6.754236528649926186e-05 5.746327587985433638e-05 7.309261854970827699e-05 7.514176832046359777e-05 1.109063396143028513e-05
1.320000000000000000e+04 4.315578189562074840e-05 6.682259117951616645e-05 5.676017826772294939e-05 7.191261101979762316e-05 7.411461410811170936e-05 1.089509805751731619e-05 4.315578189562074840e-05 6.682259117951616645e-05 5.676017826772294939e-05 7.191261101979762316e-05 7.411461410811170936e-05 1.089509805751731619e-05
1.330000000000000000e+04 4.266487667337059975e-05 6.620174826821312308e-05 5.621981836156919599e-05 7.101589289959520102e-05 7.284218736458569765e-05 1.073927978723077103e-05 4.266487667337059975e-05 6.620174826821312308e-05 5.621981836156919599e-05 7.101589289959520102e-05 7.284218736458569765e-05 1.073927978723077103e-05
1.340000000000000000e+04 4.232246283208951354e-05 6.561346526723355055e-05 5.588130807154811919e-05 7.030009874142706394e-05 7.251507486216723919e-05 1.082799644791521132e-05 4.232246283208951354e-05 6.561346526723355055e-05 5.588130807154811919e-05 7.030009874142706394e-05 7.251507486216723919e-05 1.082799644791521132e-05
1.350000000000000000e+04 4.195943620288744569e-05 6.515159475384280086e-05 5.551147114601917565e-05 6.949339876882731915e-05 7.142074900912120938e-05 1.066582535713678226e-05 4.195943620288744569e-05 6.515159475384280086e-05 5.551147114601917565e-05 6.949339876882731915e-05 7.142074900912120938e-05 1.066582535713678226e-05
1.360000000000000000e+04 4.184943827567622066e-05 6.476236012531444430e-05 5.508520916919223964e-05 6.911341915838420391e-05 7.111056038411334157e-05 1.071390670404070988e-05 4.184943827567622066e-05 6.476236012531444430e-05 5.508520916919223964e-05 6.911341915838420391e-05 7.111056038411334157e-05 1.071390670404070988e-05
1.370000000000000000e+04 4.108877328690141439e-05 6.378831312758848071e-05 5.428967051557265222e-05 6.792733620386570692e-05 6.977556040510535240e-05 1.038045593304559588e-05 4.108877328690141439e-05 6.378831312758848071e-05 5.428967051557265222e-05 6.792733620386570692e-05 6.977556040510535240e-05 1.038045593304559588e-05
1.380000000000000000e+04 4.119223376619629562e-05 6.361875421134755015e-05 5.448941010399721563e-05 6.763992132619023323e-05 6.978575402172282338e-05 1.030585463013267145e-05 4.119223376619629562e-05 6.361875421134755015e-05 5.448941010399721563e-05 6.763992132619023323e-05 6.978575402172282338e-05 1.030585463013267145e-05
1.390000000000000000e+04 4.027463000966235995e-05 6.275143823586404324e-05 5.351294748834334314e-05 6.627636321354657412e-05 6.836377724539488554e-05 1.018892817228334025e-05 4.027463000966235995e-05 6.275143823586404324e-05 5.351294748834334314e-05 6.627636321354657412e-05 6.836377724539488554e-05 1.018892817228334025e-05
1.400000000000000000e+04 4.013893340015783906e-05 6.254450272535905242e-05 5.332735236152075231e-05 6.597920582862570882e-05 6.809802289353683591e-05 1.029599297908134758e-05 4.013893340015783906e-05 6.254450272535905242e-05 5.332735236152075231e-05 6.597920582862570882e-05 6.809802289353683591e-05 1.029599297908134758e-05
1.410000000000000000e+04 4.143736805417574942e-05 6.357410165946930647e-05 5.335791865945793688e-05 6.844430754426866770e-05 6.858653068775311112e-05 1.062764658854575828e-05 4.143736805417574942e-05 6.357410165946930647e-05 5.335791865945793688e-05 6.844430754426866770e-05 6.858653068775311112e-05 1.062764658854575828e-05
1.420000000000000000e+04 3.991283665527589619e-05 6.156160088721662760e-05 5.251396214589476585e-05 6.557292363140732050e-05 6.683694664388895035e-05 1.011443328025052324e-05 3.991283665527589619e-05 6.156160088721662760e-05 5.251396214589476585e-05 6.557292363140732050e-05 6.683694664388895035e-05 1.011443328025052324e-05
1.430000000000000000e+04 3.890410880558192730e-05 6.070274321245960891e-05 5.184988185646943748e-05 6.361328996717929840e-05 6.582291098311543465e-05 9.889417015074286610e-06 3.890410880558192730e-05 6.070274321245960891e-05 5.184988185646943748e-05 6.361328996717929840e-05 6.582291098311543465e-05 9.889417015074286610e-06
1.440000000000000000e+04 3.851724613923579454e-05 6.021984154358506203e-05 5.158313433639705181e-05 6.295185448834672570e-05 6.521009345306083560e-05 9.806492016650736332e-06 3.851724613923579454e-05 6.021984154358506203e-05 5.158313433639705181e-05 6.295185448834672570e-05 6.521009345306083560e-05 9.806492016650736332e-06
1.450000000000000000e+04 3.818295226665213704e-05 5.975551175652071834e-05 5.108656841912306845e-05 6.224714888958260417e-05 6.454809044953435659e-05 9.732950275065377355e-06 3.818295226665213704e-05 5.975551175652071834e-05 5.108656841912306845e-05 6.224714888958260417e-05 6.454809044953435659e-05 9.732950275065377355e-06
1.460000000000000000e+04 3.794555959757417440e-05 5.947129830019548535e-05 5.079427864984609187e-05 6.177576142363250256e-05 6.407524779206141829e-05 9.728471923153847456e-06 3.794555959757417440e-05 5.947129830019548535e-05 5.079427864984609187e-05 6.177576142363250256e-05 6.407524779206141829e-05 9.728471923153847456e-06
1.470000000000000000e+04 3.863445090246386826e-05 5.915789733990095556e-05 5.061654883320443332e-05 6.277819193201139569e-05 6.427610787795856595e-05 9.701773706183303148e-06 3.863445090246386826e-05 5.915789733990095556e-05 5.061654883320443332e-05 6.277819193201139569e-05 6.427610787795856595e-05 9.701773706183303148e-06
1.480000000000000000e+04 3.724232374224811792e-05 5.849050648976117373e-05 5.006284482078626752e-05 6.050876254448667169e-05 6.291415047599002719e-05 9.525924724584911019e-06 3.724232374224811792e-05 5.849050648976117373e-05 5.006284482078626752e-05 6.050876254448667169e-05 6.291415047599002719e-05 9.525924724584911019e-06
1.490000000000000000e+04 3.700553133967332542e-05 5.792655792902223766e-05 4.971322414348833263e-05 6.016029510647058487e-05 6.250722799450159073e-05 9.509631127002649009e-06 3.700553133967332542e-05 5.792655792902223766e-05 4.971322414348833263e-05 6.016029510647058487e-05 6.250722799450159073e-05 9.509631127002649009e-06
1.500000000000000000e+04 3.760179242817685008e-05 5.844719999004155397e-05 5.007663276046514511e-05 6.070306699257344007e-05 6.378995749400928617e-05 9.898912139760795981e-06 3.760179242817685008e-05 5.844719999004155397e-05 5.007663276046514511e-05 6.070306699257344007e-05 6.378995749400928617e-05 9.898912139760795981e-06
1.510000000000000000e+04 3.633201413322240114e-05 5.715455336030572653e-05 4.906218237010762095e-05 5.868759762961417437e-05 6.135204603197053075e-05 9.323257472715340555e-06 3.633201413322240114e-05 5.715455336030572653e-05 4.906218237010762095e-05 5.868759762961417437e-05 6.135204603197053075e-05 9.323257472715340555e-06
1.520000000000000000e+04 3.620444476837292314e-05 5.670189420925453305e-05 4.883346628048457205e-05 5.852168760611675680e-05 6.146708619780838490e-05 9.379546099808067083e-06 3.620444476837292314e-05 5.670189420925453305e-05 4.883346628048457205e-05 5.852168760611675680e-05 6.146708619780838490e-05 9.379546099808067083e-06
1.530000000000000000e+04 3.589992047636769712e-05 5.653862899634987116e-05 4.857780004385858774e-05 5.768623304902575910e-05 6.064139597583562136e-05 9.275299817090854049e-06 3.589992047636769712e-05 5.653862899634987116e-05 4.857780004385858774e-05 5.768623304902575910e-05 6.064139597583562136e-05 9.275299817090854049e-06
1.540000000000000000e+04 3.612546788644976914e-05 5.661794421030208468e-05 4.847150194109417498e-05 5.778341437689960003e-05 6.054635014152154326e-05 9.583120117895305157e-06 3.612546788644976914e-05 5.661794421030208468e-05 4.847150194109417498e-05 5.778341437689960003e-05 6.054635014152154326e-05 9.583120117895305157e-06
1.550000000000000000e+04 3.523195482557639480e-05 5.562618025578558445e-05 4.777950380230322480e-05 5.657420479110442102e-05 5.956186578259803355e-05 9.071388376469258219e-06 3.523195482557639480e-05 5.562618025578558445e-05 4.777950380230322480e-05 5.657420479110442102e-05 5.956186578259803355e-05 9.071388376469258219e-06
1.560000000000000000e+04 3.515476055326871574e-05 5.533779767574742436e-05 4.797612200491130352e-05 5.691485785064287484e-05 5.924095239606685936e-05 9.011186193674802780e-06 3.515476055326871574e-05 5.533779767574742436e-05 4.797612200491130352e-05 5.691485785064287484e-05 5.924095239606685936e-05 9.011186193674802780e-06
1.570000000000000000e+04 3.466537600615993142e-05 5.486288137035444379e-05 4.715632167062722147e-05 5.558265183935873210e-05 5.849485751241445541e-05 8.981119208328891546e-06 3.466537600615993142e-05 5.486288137035444379e-05 4.715632167062722147e-05 5.558265183935873210e-05 5.849485751241445541e-05 8.981119208328891546e-06
1.580000000000000000e+04 3.448034112807363272e-05 5.452694313134998083e-05 4.685903695644810796e-05 5.539330231840722263e-05 5.806366971228271723e-05 8.996328688226640224e-06 3.448034112807363272e-05 5.452694313134998083e-05 4.685903695644810796e-05 5.539330231840722263e-05 5.806366971228271723e-05 8.996328688226640224e-06
1.590000000000000000e+04 3.440897489781491458e-05 5.434772901935502887e-05 4.685379462898708880e-05 5.484615030582062900e-05 5.815725671709515154e-05 8.936000995163340122e-06 3.440897489781491458e-05 5.434772901935502887e-05 4.685379462898708880e-05 5.484615030582062900e-05 5.815725671709515154e-05 8.936000995163340122e-06
1.600000000000000000e+04 3.399714478291571140e-05 5.372291707317344844e-05 4.644937143893912435e-05 5.477848753798753023e-05 5.734786827815696597e-05 8.854945917846634984e-06 3.399714478291571140e-05 5.372291707317344844e-05 4.644937143893912435e-05 5.477848753798753023e-05 5.734786827815696597e-05 8.854945917846634984e-06
1.610000000000000000e+04 3.381954229553230107e-05 5.347450496628880501e-05 4.595686550601385534e-05 5.404768307926133275e-05 5.681131005985662341e-05 8.765005986788310111e-06 3.381954229553230107e-05 5.347450496628880501e-05 4.595686550601385534e-05 5.404768307926133275e-05 5.681131005985662341e-05 8.765005986788310111e-06
1.620000000000000000e+04 3.340455441502854228e-05 5.306707316776737571e-05 4.578371226671151817e-05 5.328093902789987624e-05 5.643159238388761878e-05 8.676605830260086805e-06 3.340455441502854228e-05 5.306707316776737571e-05 4.578371226671151817e-05 5.328093902789987624e-05 5.643159238388761878e-05 8.676605830260086805e-06
1.630000000000000000e+04 3.333368294988758862e-05 5.267501182970590889e-05 4.560104935080744326e-05 5.314527152222581208e-05 5.652388426824472845e-05 8.743851140025071800e-06 3.333368294988758862e-05 5.267501182970590889e-05 4.560104935080744326e-05 5.314527152222581208e-05 5.652388426824472845e-05 8.743851140025071800e-06
1.640000000000000000e+04 3.325788929942063987e-05 5.278261232888326049e-05 4.572683246806263924e-05 5.378460991778410971e-05 5.601486191153526306e-05 8.971285751613322645e-06 3.325788929942063987e-05 5.278261232888326049e-05 4.572683246806263924e-05 5.378460991778410971e-05 5.601486191153526306e-05 8.971285751613322645e-06
1.650000000000000000e+04 3.273977563367225230e-05 5.203143882681615651e-05 4.512118539423681796e-05 5.235026037553325295e-05 5.527936446014791727e-05 8.544614502170588821e-06 3.273977563367225230e-05 5.203143882681615651e-05 4.512118539423681796e-05 5.235026037553325295e-05 5.527936446014791727e-05 8.544614502170588821e-06
1.660000000000000000e+04 3.248372013331390917e-05 5.173410681891255081e-05 4.462369906832464039e-05 5.165297625353559852e-05 5.487497037393040955e-05 8.472215995425358415e-06 3.248372013331390917e-05 5.173410681891255081e-05 4.462369906832464039e-05 5.165297625353559852e-05 5.487497037393040955e-05 8.472215995425358415e-06
1.670000000000000000e+04 3.224244574084877968e-05 5.137933112564496696e-05 4.445507147465832531e-05 5.123770097270607948e-05 5.451548349810764194e-05 8.413495379500091076e-06 3.224244574084877968e-05 5.137933112564496696e-05 4.445507147465832531e-05 5.123770097270607948e-05 5.451548349810764194e-05 8.413495379500091076e-06
1.680000000000000000e+04 3.206448673154227436e-05 5.111276550451293588e-05 4.413024726090952754e-05 5.086464443593285978e-05 5.413447797764092684e-05 8.380299732380080968e-06 3.206448673154227436e-05 5.111276550451293588e-05 4.413024726090952754e-05 5.086464443593285978e-05 5.413447797764092684e-05 8.380299732380080968e-06
1.690000000000000000e+04 3.183189983246847987e-05 5.077884634374640882e-05 4.387335138744674623e-05 5.042451084591448307e-05 5.381887967814691365e-05 8.317941137647721916e-06 3.183189983246847987e-05 5.077884634374640882e-05 4.387335138744674623e-05 5.042451084591448307e-05 5.381887967814691365e-05 8.317941137647721916e-06
1.700000000000000000e+04 3.160308187943883240e-05 5.046484147896990180e-05 4.365567656350322068e-05 5.002102261641994119e-05 5.345078898244537413e-05 8.267993507615756243e-06 3.160308187943883240e-05 5.046484147896990180e-05 4.365567656350322068e-05 5.002102261641994119e-05 5.345078898244537413e-05 8.267993507615756243e-06
1.710000000000000000e+04 3.146492235828191042e-05 5.039719690103083849e-05 4.350955350673757493e-05 5.014897033106535673e-05 5.351210347726009786e-05 8.301999514515046030e-06 3.146492235828191042e-05 5.039719690103083849e-05 4.350955350673757493e-05 5.014897033106535673e-05 5.351210347726009786e-05 8.301999514515046030e-06
1.720000000000000000e+04 3.145955270156264305e-05 5.020187381887808442e-05 4.358070873422548175e-05 4.959385114489123225e-05 5.349361163098365068e-05 8.285424883069936186e-06 3.145955270156264305e-05 5.020187381887808442e-05 4.358070873422548175e-05 4.959385114489123225e-05 5.349361163098365068e-05 8.285424883069936186e-06
1.730000000000000000e+04 3.121002009720541537e-05 4.976920899935066700e-05 4.328042632550932467e-05 4.953115421812981367e-05 5.281828998704440892e-05 8.259861715487204492e-06 3.121002009720541537e-05 4.976920899935066700e-05 4.328042632550932467e-05 4.953115421812981367e-05 5.281828998704440892e-05 8.259861715487204492e-06
1.740000000000000000e+04 3.076135544688440859e-05 4.931114017381332815e-05 4.269165947334840894e-05 4.854271537624299526e-05 5.213599797571077943e-05 8.076063750195316970e-06 3.076135544688440859e-05 4.931114017381332815e-05 4.269165947334840894e-05 4.854271537624299526e-05 5.213599797571077943e-05 8.076063750195316970e-06
1.750000000000000000e+04 3.098876186413690448e-05 4.929685019305907190e-05 4.365526183391921222e-05 5.167414565221406519e-05 5.266370862955227494e-05 8.265305041277315468e-06 3.098876186413690448e-05 4.929685019305907190e-05 4.365526183391921222e-05 5.167414565221406519e-05 5.266370862955227494e-05 8.265305041277315468e-06
1.760000000000000000e+04 3.047236896236427128e-05 4.876550156041048467e-05 4.226926103001460433e-05 4.838543100049719214e-05 5.153135862201452255e-05 8.008692020666785538e-06 3.047236896236427128e-05 4.876550156041048467e-05 4.226926103001460433e-05 4.838543100049719214e-05 5.153135862201452255e-05 8.008692020666785538e-06
1.770000000000000000e+04 3.022994314960669726e-05 4.861215711571276188e-05 4.206614539725705981e-05 4.755257759825326502e-05 5.153997335582971573e-05 7.960436050780117512e-06 3.022994314960669726e-05 4.861215711571276188e-05 4.206614539725705981e-05 4.755257759825326502e-05 5.153997335582971573e-05 7.960436050780117512e-06
1.780000000000000000e+04 3.007093437190633267e-05 4.821058610104955733e-05 4.172668195678852499e-05 4.736642222269438207e-05 5.089924889034591615e-05 7.916962204035371542e-06 3.007093437190633267e-05 4.821058610104955733e-05 4.172668195678852499e-05 4.736642222269438207e-05 5.089924889034591615e-05 7.916962204035371542e-06
1.790000000000000000e+04 3.009184911206830293e-05 4.816004002350382507e-05 4.158852971158921719e-05 4.754184919875115156e-05 5.067807433078996837e-05 7.954634384077508003e-06 3.009184911206830293e-05 4.816004002350382507e-05 4.158852971158921719e-05 4.754184919875115156e-05 5.067807433078996837e-05 7.954634384077508003e-06
1.800000000000000000e+04 2.968685294035822153e-05 4.781715688295662403e-05 4.141259705647826195e-05 4.677001197705976665e-05 5.042300108470954001e-05 7.822121915523894131e-06 2.968685294035822153e-05 4.781715688295662403e-05 4.141259705647826195e-05 4.677001197705976665e-05 5.042300108470954001e-05 7.822121915523894131e-06
1.810000000000000000e+04 2.960803431051317602e-05 4.740809890790842474e-05 4.109340807190164924e-05 4.653555879485793412e-05 5.012801557313650846e-05 7.799424565746448934e-06 2.960803431051317602e-05 4.740809890790842474e-05 4.109340807190164924e-05 4.653555879485793412e-05 5.012801557313650846e-05 7.799424565746448934e-06
1.820000000000000000e+04 2.942151331808418036e-05 4.730430373456329107e-05 4.096134216524660587e-05 4.615748184733092785e-05 5.020987009629607201e-05 7.798184014973230660e-06 2.942151331808418036e-05 4.730430373456329107e-05 4.096134216524660587e-05 4.615748184733092785e-05 5.020987009629607201e-05 7.798184014973230660e-06
1.830000000000000000e+04 3.013854984601493925e-05 4.724816608359105885e-05 4.102155799046158791e-05 4.703174636233597994e-05 5.064521974418312311e-05 7.896168426668737084e-06 3.013854984601493925e-05 4.724816608359105885e-05 4.102155799046158791e-05 4.703174636233597994e-05 5.064521974418312311e-05 7.896168426668737084e-06
1.840000000000000000e+04 2.913773460022639483e-05 4.675549644161947072e-05 4.095429540029726923e-05 4.608463495969772339e-05 4.953009556629694998e-05 7.784359695506282151e-06 2.913773460022639483e-05 4.675549644161947072e-05 4.095429540029726923e-05 4.608463495969772339e-05 4.953009556629694998e-05 7.784359695506282151e-06
1.850000000000000000e+04 2.889881398004945368e-05 4.664174412027932703e-05 4.042697401018813252e-05 4.556111889542080462e-05 4.926439578412100673e-05 7.647907295904587954e-06 2.889881398004945368e-05 4.664174412027932703e-05 4.042697401018813252e-05 4.556111889542080462e-05 4.926439578412100673e-05 7.647907295904587954e-06
1.860000000000000000e+04 2.920333827205467969e-05 4.630507828551344573e-05 4.020706182927824557e-05 4.541003363556228578e-05 4.951236769556999207e-05 7.712491424172185361e-06 2.920333827205467969e-05 4.630507828551344573e-05 4.020706182927824557e-05 4.541003363556228578e-05 4.951236769556999207e-05 7.712491424172185361e-06
1.870000000000000000e+04 2.843733454938046634e-05 4.592775803757831454e-05 3.986629599239677191e-05 4.448307663551531732e-05 4.845252988161519170e-05 7.540344540757359937e-06 2.843733454938046634e-05 4.592775803757831454e-05 3.986629599239677191e-05 4.448307663551531732e-05 4.845252988161519170e-05 7.540344540757359937e-06
1.880000000000000000e+04 2.827950265782419592e-05 4.571118188323453069e-05 3.968067539972253144e-05 4.420192635734565556e-05 4.819645255338400602e-05 7.505598659918177873e-06 2.827950265782419592e-05 4.571118188323453069e-05 3.968067539972253144e-05 4.420192635734565556e-05 4.819645255338400602e-05 7.505598659918177873e-06
1.890000000000000000e+04 2.819718247337732464e-05 4.556830390356481075e-05 3.947535151382908225e-05 4.413925853441469371e-05 4.801387331099249423e-05 7.497361821151571348e-06 2.819718247337732464e-05 4.556830390356481075e-05 3.947535151382908225e-05 4.413925853441469371e-05 4.801387331099249423e-05 7.497361821151571348e-06
1.900000000000000000e+04 2.822542410285677761e-05 4.538549910648725927e-05 3.945406569982878864e-05 4.383670238894410431e-05 4.805566641152836382e-05 7.501944764953805134e-06 2.822542410285677761e-05 4.538549910648725927e-05 3.945406569982878864e-05 4.383670238894410431e-05 4.805566641152836382e-05 7.501944764953805134e-06
1.910000000000000000e+04 2.789290738292038441e-05 4.500591239775530994e-05 3.908429061993956566e-05 4.352074029156938195e-05 4.752898166771046817e-05 7.407448265439597890e-06 2.789290738292038441e-05 4.500591239775530994e-05 3.908429061993956566e-05 4.352074029156938195e-05 4.752898166771046817e-05 7.407448265439597890e-06
1.920000000000000000e+04 2.766466241155285388e-05 4.483979500946588814e-05 3.890811785822734237e-05 4.313045792514458299e-05 4.723283927887678146e-05 7.362489213846856728e-06 2.766466241155285388e-05 4.483979500946588814e-05 3.890811785822734237e-05 4.313045792514458299e-05 4.723283927887678146e-05 7.362489213846856728e-06
1.930000000000000000e+04 2.779095302685163915e-05 4.503162563196383417e-05 3.887058846885338426e-05 4.337698192102834582e-05 4.729214197141118348e-05 7.496122179873054847e-06 2.779095302685163915e-05 4.503162563196383417e-05 3.887058846885338426e-05 4.337698192102834582e-05 4.729214197141118348e-05 7.496122179873054847e-06
1.940000000000000000e+04 2.736590613494627178e-05 4.435330629348754883e-05 3.852384543279185891e-05 4.262302536517381668e-05 4.679389530792832375e-05 7.286211712198564783e-06 2.736590613494627178e-05 4.435330629348754883e-05 3.852384543279185891e-05 4.262302536517381668e-05 4.679389530792832375e-05 7.286211712198564783e-06
1.950000000000000000e+04 2.768214471871033311e-05 4.464002995518967509e-05 3.895925692631863058e-05 4.300007276469841599e-05 4.770662053488194942e-05 7.423938768624793738e-06 2.768214471871033311e-05 4.464002995518967509e-05 3.895925692631863058e-05 4.300007276469841599e-05 4.770662053488194942e-05 7.423938768624793738e-06
1.960000000000000000e+04 2.722185308812186122e-05 4.402436388772912323e-05 3.815863965428434312e-05 4.289846401661634445e-05 4.642985368263907731e-05 7.246777840919094160e-06 2.722185308812186122e-05 4.402436388772912323e-05 3.815863965428434312e-05 4.289846401661634445e-05 4.642985368263907731e-05 7.246777840919094160e-06
1.970000000000000000e+04 2.719870644796174020e-05 4.397437078296206892e-05 3.809370173257775605e-05 4.278821506886743009e-05 4.623005224857479334e-05 7.317167273868108168e-06 2.719870644796174020e-05 4.397437078296206892e-05 3.809370173257775605e-05 4.278821506886743009e-05 4.623005224857479334e-05 7.317167273868108168e-06
1.980000000000000000e+04 2.684864375623874366e-05 4.347606954979710281e-05 3.778458631131798029e-05 4.172396438661962748e-05 4.597275983542203903e-05 7.175240170909091830e-06 2.684864375623874366e-05 4.347606954979710281e-05 3.778458631131798029e-05 4.172396438661962748e-05 4.597275983542203903e-05 7.175240170909091830e-06
1.990000000000000000e+04 2.796345688693691045e-05 4.414609793457202613e-05 3.941247632610611618e-05 4.349884693510830402e-05 4.769761289935559034e-05 8.578436791140120476e-06 2.796345688693691045e-05 4.414609793457202613e-05 3.941247632610611618e-05 4.349884693510830402e-05 4.769761289935559034e-05 8.578436791140120476e-06
2.000000000000000000e+04 2.657957338669802994e-05 4.313088720664381981e-05 3.757477679755538702e-05 4.134226401220075786e-05 4.559101216727867723e-05 7.114780601114034653e-06 2.657957338669802994e-05 4.313088720664381981e-05 3.757477679755538702e-05 4.134226401220075786e-05 4.559101216727867723e-05 7.114780601114034653e-06
